0 -9.14075748118887e-05  0.000122789467669596 -2.36196776130409e-05 -9.07729415946583e-05 1.35271370154497e-05 -0.000129174026701873 0.99999998744568
0 -0.260293925891741  0.453643684124364 -0.196056272234595 0.12163739562577 0.165589352989101 -0.301337819003247 0.931117623611752
0 -0.271536641964542   0.44713060307484 -0.230066090569864 0.134343650606124 0.168798557670581 -0.312900700860014 0.92496052989923
0 -0.283507151300247  0.422647175136029 -0.194143428571617 0.156077440091952 0.176828083138127 -0.337332009552915 0.91136094772545
0   -0.2959135975621  0.410566077340866 -0.166837466185963 0.179600305550649 0.183648000803363 -0.361595004343096 0.89625118961213
0 -0.30706156178409 0.398950558331398 -0.14298561745528 0.201227492567734 0.185939496665012 -0.383256273847037 0.882070648174935
0 -0.322977573402323  0.398506142261381 -0.123963040565472 0.246123094315368 0.178357930513234 -0.41008918999274 0.859906231701319
0 -0.337803362266904  0.392770735772022 -0.104789745109115 0.27935933380361 0.170797624266694 -0.433744188807112 0.839435830089303
0  -0.333066545504975   0.392020776763781 -0.0902130215479041 0.311603237408315 0.156966471829973 -0.436486747467905 0.829303483920571
0 -0.339524414315665  0.395023734801664 -0.113643408710703 0.277510736120958 0.176762754504835 -0.429548420384917 0.840970198343729
0 -0.341662130544227  0.395790946803702  -0.12270013018944 0.26338409116281 0.181920906920035 -0.428349031672233 0.845015213598662
0 -0.34757557169882 0.396636266504406 -0.14468724496397 0.235898671749346 0.18593940635663 -0.42118783263012 0.855791542067915
0 -0.351479473847585   0.39657415956071 -0.154725012711493 0.221544243743882 0.189814546245139 -0.417359642740719 0.860639015330494
0 -0.354974979105858  0.395670504846527 -0.166056657146554 0.204272790537911 0.193196793576781 -0.412180908074859 0.866634020227738
0 -0.359132115854579  0.394905328670933 -0.176489214937862 0.187002603313301 0.201128699165187 -0.406480193389865 0.871407553965368
0 -0.363083251765041  0.394065553830732 -0.186031769752713 0.169426201855046 0.208767973194952 -0.400325342312643 0.876042416664462
0 -0.367019910523368  0.393402406751692 -0.194754248955697 0.151652418280614 0.21685620634435 -0.396167051875718 0.879219310984285
0 -0.371595785530862   0.39298301728132 -0.199378591427828 0.126678622989874 0.225953741344906 -0.389972845136879 0.883639413621573
0 -0.364977956296136  0.392535895879087  -0.19532142046762 0.134151752291725 0.213469511008064 -0.396452246249832 0.882756870078336
0 -0.358440171462413  0.395265988423416 -0.190235920973659 0.151946897732816 0.206601186706403 -0.401889084492728 0.879041098974602
0 -0.351378543021748  0.398545200879327 -0.184752486325668 0.170103054003721 0.201206784346244 -0.408476647096368 0.87391510441722
0 -0.343927505205233  0.401897647399981 -0.179150647462753 0.188117641932242 0.195859501123894 -0.412702012627035 0.869441117837745
0 -0.336785849592272  0.405190618910011 -0.173835428594599 0.204588988400777 0.192858469561714 -0.417710949234379 0.863982939318349
0  -0.32308096700886  0.411468995137387 -0.163616107275737 0.235904835093796 0.184752951705286 -0.423146004599299 0.85508053094852
0 -0.309737465865324   0.41730793659711 -0.152428108565642 0.271185551151778 0.175549286506056 -0.424472992579618 0.845850769003744
0 -0.303529340153142  0.420067111437571 -0.146438136037508 0.291559437403217 0.171588408866517 -0.424079422542672 0.840063780780752
0 -0.292882572783229  0.424367304688136 -0.136914812902581 0.328246907305285 0.159707650051153 -0.425898916682266 0.827863241802973
0 -0.287176044070234  0.426599285896387 -0.130906474474089 0.351661214157503 0.151229636058527 -0.428973959534743 0.818196388207599
0 -0.295298652256714  0.423510496927377 -0.138702276069604 0.3338258277866 0.162451154455658 -0.431063043295141 0.82240780141226
0 -0.299583023707791  0.421473419474775 -0.142557368264182 0.32295550653902 0.166454381240289 -0.43043170104999 0.826269466029848
0 -0.309240580944445  0.417014995963663 -0.151020306200626 0.296979358835531 0.173184550235512 -0.429381579409716 0.835129828978092
0 -0.320315147889591  0.412072256607378 -0.159396529470425 0.268292609056769 0.184533498089811 -0.427230678446449 0.843469271166671
0 -0.331268059198098  0.406551676825811 -0.168711446188411 0.234030777848058 0.198323421574874 -0.421395707875822 0.853418462923379
0 -0.335938684759728  0.404220083759541 -0.172322699116009 0.215534965265712 0.203926013287025 -0.414874195007888 0.860138513362427
0  -0.34064072231752  0.402215991934287 -0.175668209612211 0.196436597010828 0.209578338726262 -0.407937767027083 0.866646618596359
0 -0.345237506826811  0.399960393337921 -0.179032779454093 0.179081943851966 0.216124120145152 -0.401489504097192 0.871794815410986
0 -0.352225204924842  0.396067475605857 -0.183864989831652 0.153457329768305 0.227454201161889 -0.398191370915568 0.875305127622687
0 -0.357855141271539  0.393502704208648 -0.188224041048552 0.134421152750364 0.226958066582364 -0.401265988165729 0.877158250515744
0 -0.349494112722619  0.398374875004565 -0.181583177290939 0.150087104277284 0.215573441477647 -0.407474191744223 0.874623767983431
0 -0.340585611867493  0.402959676733495 -0.174961889704199 0.171201563888309 0.209203193274221 -0.413641743669966 0.869381709227734
0 -0.329177818388489   0.40868030043241 -0.166698123848026 0.199826247323498 0.206680581207186 -0.423016378193654 0.85930771671875
0 -0.318662981793025   0.41279419781598 -0.158045512401461 0.232477645448092 0.196483102503101 -0.428576025766106 0.850688618083137
0 -0.313097275867891  0.414972654005097 -0.153740259326996 0.251987237601383 0.190365702629078 -0.430602772096806 0.84548482186915
0 -0.307850152353281  0.416619501421523 -0.149588124208436 0.272553901449133 0.184462510462189 -0.432053221949188 0.839653479979788
0 -0.303327860022983  0.417962563104915 -0.146011793180335 0.291930269759405 0.178286861946067 -0.434250790745075 0.833316724416894
0 -0.295340622585648   0.41990847101576 -0.140268421371491 0.324204547030294 0.167211103542929 -0.436940091194281 0.822201444442888
0  -0.29042177589272  0.421066804247026 -0.136624909062524 0.343724011480367 0.155995614927664 -0.436195191826222 0.816855511509147
0 -0.297935477219916  0.419145027857156 -0.141928976970896 0.326816562245213 0.178422001560972 -0.426021321876147 0.824537662759014
0  -0.30158200496446   0.41841501407881 -0.144143617264796 0.319036404143342 0.186404276707765 -0.425946714165009 0.825856292068041
0 -0.308767391493056   0.41691997723305 -0.149197183606311 0.300312949536288 0.200217428341618 -0.427604091859946 0.828782151324288
0  -0.31574382193931  0.414399179444039 -0.154747064785716 0.274993260215605 0.206833837419917 -0.428402454081547 0.83550571983144
0 -0.321628762153033   0.41175130817134 -0.160283204220097 0.246498263096002 0.206038443145072 -0.428659450941733 0.844415680429574
0 -0.326423064182266  0.409803380091317 -0.164193291586364 0.220398972605744 0.203609944169435 -0.423810796686531 0.854606161996027
0 -0.329339938977609  0.408874124634814 -0.167737389312139 0.188819783385785 0.202915947329854 -0.412022143066066 0.867991913179276
0 -0.329356657348742  0.409528258891458 -0.168674512673143 0.153723627423715 0.225826291991995 -0.394305836213813 0.877436288139809
0 -0.329825213679213  0.409807205258933 -0.169329628127376 0.13485663676241 0.247908137265564 -0.379299046008345 0.881185268088277
0 -0.330156611977814  0.410792878661846 -0.170135209492687 0.102014432505979 0.263841738693476 -0.361280976691611 0.888513729980827
0 -0.330005861971664  0.411221099590838 -0.171530903761461 0.0747403109520838 0.272596101606235 -0.356490009204426 0.89051677392697
0 -0.329654701189893  0.409664639461012 -0.172738696772024 0.0845409711286195 0.261611378960532 -0.360459380774658 0.891336830502672
0 -0.329290495936461  0.408705051120215 -0.171959796681322 0.0780105375958375 0.256181028705771 -0.372497708133463 0.888555622339186
0 -0.328508028391181  0.407266451145273  -0.17228298901317 0.0773599478228524 0.258410845364958 -0.36931428306632 0.889295358018822
0 -0.327641005391128  0.405857950492761 -0.172804090946116 0.0768042711158939 0.25978740275344 -0.365577545877057 0.890485635627822
0 -0.326607324501835  0.404398005332547 -0.173498248628333 0.076623866140346 0.260943796492672 -0.361427008263425 0.891856286577298
0 -0.325474339120909  0.402582065897585 -0.174478298648597 0.0812214376345011 0.262351065624286 -0.357693905689029 0.892541352693148
0 -0.324265514437675  0.400754889731566 -0.175343951367591 0.0911796723885287 0.263719116718299 -0.353378673920796 0.892895294890963
0 -0.323020616843293  0.398903149339819 -0.176361873659562 0.0979839173227508 0.267272275489572 -0.34894385482941 0.892862177985777
0 -0.321601555407884  0.397409664069593 -0.177186849627241 0.0971946365160198 0.275242318978827 -0.344038056141593 0.892430772890531
0 -0.320261342931374  0.396112886712047 -0.177938856458396 0.0919957436421044 0.286411852925359 -0.337281980469433 0.892045906501574
0 -0.319160089097778  0.395206348359447 -0.178441732921027 0.0880711628593915 0.289571968257041 -0.334851257447038 0.892337481482469
0 -0.318044854377498  0.394124695385265 -0.179125676547102 0.0902231688486025 0.283975320539321 -0.335650203228083 0.893620018912095
0 -0.319180213345395  0.395679311911579 -0.178470235569116 0.0931079249734919 0.28400342947836 -0.336012566676721 0.893178885435042
0 -0.320135123989684  0.396917970893726 -0.178024059681292 0.0895579659719035 0.281199435188282 -0.337272708449254 0.893953784328961
0 -0.321262668477264  0.398347681876433 -0.177394642617429 0.0856023086843881 0.278536837008756 -0.338662131105042 0.894649336965301
0 -0.322646130721632  0.400135225322042  -0.17643230686621 0.0838671475949345 0.273740528729986 -0.341131194253869 0.895355757669456
0 -0.324307128439174   0.40203481043675  -0.17554535113744 0.0849015149573968 0.267456862004584 -0.345957105975945 0.895305668779858
0 -0.326170488404496  0.403864449060821 -0.174754916880444 0.0866356232063822 0.261499699879464 -0.351333962617119 0.894805354513676
0 -0.328054326099288  0.406063240031341 -0.173554782421413 0.0857346566813629 0.258043097865958 -0.354284301930401 0.894732340811014
0 -0.328979805768056  0.407138345429937 -0.172992472418786 0.0831109395103797 0.256669848090821 -0.356346237376515 0.894556046272304
0  -0.32986704269129  0.408253827272803 -0.172384955216063 0.0798627600476637 0.255516504489875 -0.357603622924006 0.894680336412101
0 -0.330728505982477   0.40934644541105 -0.171755495461974 0.0768863090600661 0.254799498715396 -0.35960760071513 0.894342263588952
0 -0.331574620792762  0.410420773874099 -0.171128270524479 0.0756667181524883 0.254300379157114 -0.361572762274896 0.893795839386983
0 -0.332415318433389  0.411512794974612 -0.170480770282622 0.075853354073419 0.253025425163916 -0.362613543619114 0.893720213982218
0 -0.333281436556398  0.412591167232001 -0.169887915756358 0.076164860239396 0.251044346989935 -0.363754682115232 0.893788666938867
0 -0.334071519342271  0.413710132846216 -0.169206673262884 0.0766406418336277 0.249684666728636 -0.365337241564917 0.893483340161235
0 -0.334887778128515  0.414798659075325 -0.168578485791732 0.0768782999545217 0.248182722783931 -0.366936444414437 0.893226012198563
0 -0.335674821334009  0.415884815695658 -0.167960211685244 0.0767424837090241 0.246852854332894 -0.368172813126985 0.893097441030953
0 -0.336420354072479  0.416962476916542  -0.16733156296667 0.07498167081423 0.244111616245123 -0.369136497480639 0.893602548163235
0 -0.337660278298066  0.418946257613379 -0.166152593010084 0.0666889231057367 0.239800391060631 -0.371358533242129 0.894506120588574
0 -0.338651502569717  0.420679225257131 -0.165094246749646 0.0584586539195161 0.23398950647855 -0.372522478157361 0.896135313391533
0 -0.339523729565072   0.42199151840511 -0.164331119362676 0.0578864580425094 0.226350718686761 -0.375336478389947 0.896959886569691
0 -0.340343021651698  0.422965958325515 -0.163867099910201 0.0630092151750751 0.216903108383618 -0.379755684566046 0.897088903295721
0 -0.339520160721481   0.42184615686375 -0.165192832153876 0.0648515967386875 0.226508799691561 -0.380213132426567 0.89438582725416
0 -0.338510828233402  0.420596742706149 -0.166275182426717 0.0699096213962423 0.231771468997178 -0.380677593781439 0.892456834019381
0 -0.337292779282772  0.419004650227516 -0.167575773131158 0.0746504636367822 0.23625012868272 -0.380015635971163 0.891179724518935
0 -0.335829901020302  0.417203621065574 -0.168876952755243 0.0758452115586502 0.241683660375036 -0.376640866379165 0.891054526931152
0 -0.334176627636286  0.415232990364053 -0.170158285188847 0.0723584093122582 0.245005472654997 -0.371159738164718 0.892735698701692
0 -0.332334214803421     0.413170114778 -0.171357375247362 0.070502641736168 0.248759704782337 -0.368167249413786 0.893085025764016
0 -0.331432202975956  0.412110214817292 -0.171964861002072 0.070656480841875 0.249013657726853 -0.367823306674721 0.893143815433667
0 -0.330570938474105  0.411071133286314 -0.172547936462833 0.0712093127957037 0.247805195109568 -0.367590520876563 0.893531772244037
0 -0.329739416454826  0.410027091643731 -0.173110597219638 0.0715745043321325 0.246651673199427 -0.367216244892594 0.893975543247418
0 -0.328169471014843  0.408045730314817 -0.174130102251856 0.071674410246993 0.2469979506567 -0.364594804388649 0.894944366930112
0  -0.32666670904531   0.40634218655709 -0.174930948284915 0.0707131573217499 0.250190318855082 -0.361984456918306 0.895193669929776
0 -0.325352815785262  0.405055336530295  -0.17540821645807 0.0712344821783019 0.254277522720321 -0.358633374619804 0.895349480703941
0 -0.324236975434258   0.40407655887107  -0.17553714659402 0.0739820566732605 0.256958067108936 -0.356509068137481 0.895209747139618
0 -0.323281774323097  0.403131783326796 -0.175388250610362 0.0888348588489416 0.264856385364148 -0.354101943377614 0.892508418269163
0 -0.322511059689493  0.402095313654797 -0.174948051723089 0.122989041145004 0.269217649892722 -0.358117421326915 0.885521013464183
0 -0.322320605304851  0.401128507342209 -0.174667824139478 0.151879289903485 0.27264299310627 -0.358496360053828 0.879817503483889
0 -0.322005894535185  0.399797668366746  -0.17432440036679 0.153104853669341 0.283933033910611 -0.343834447894991 0.881883670603982
0 -0.321628851064454  0.398424301734991 -0.173862240632772 0.15140135155666 0.293243914063477 -0.332606340711155 0.883435713411159
0 -0.321289133689671  0.396925981204875 -0.173223867928149 0.145686827861309 0.300393887692955 -0.325547489393514 0.884622909817512
0 -0.321245924225568  0.395461418995279 -0.172277460874001 0.138604834193943 0.300696383549521 -0.321299568574621 0.887207400832563
0 -0.321636841653437  0.394151794114413  -0.17093974064974 0.132087859145466 0.293738310800426 -0.323171180147908 0.889848858265429
0 -0.322460442835246  0.393137572462262 -0.169238528751491 0.131516070541192 0.280048038102914 -0.333617589237962 0.890491955996888
0 -0.323518173473302  0.392593640305385 -0.167219993786406 0.130951408607911 0.264760286250658 -0.348906667880785 0.889391846441377
0 -0.324845538474914  0.392663446481096 -0.165058834530622 0.12369573416405 0.248300657823106 -0.36317697560681 0.889465363610816
0 -0.325663260716747  0.393014281616454 -0.163990510883016 0.117379485047833 0.23811141859888 -0.369414344404828 0.89053806823217
0 -0.326526116951204  0.393649592465955 -0.162934650276873 0.109122440925759 0.22655350553994 -0.375047811027243 0.892247130260245
0 -0.327425074407321  0.394532432407029 -0.161967197507341 0.0999507535105974 0.215870140907071 -0.38094693328277 0.893470404188006
0 -0.328383449102636  0.395655354325081 -0.161085147203666 0.0906636488988021 0.205504955992924 -0.386461360990933 0.894536434300882
0 -0.329375108580759  0.397053207943684 -0.160330611462875 0.081221097292494 0.194693752401553 -0.392227439652816 0.895351948517343
0 -0.330396832484957  0.398639060072282 -0.159709726767991 0.072245157112547 0.18466933191278 -0.398127894573078 0.895640583430362
0 -0.331410914700513  0.400400738384619 -0.159247757072094 0.0642591326567184 0.175355647624707 -0.405031014321233 0.895025719269697
0 -0.332425210051947  0.402309131978399 -0.158971471854587 0.0571743682509489 0.164728712389309 -0.409366164374865 0.895552838415845
0  -0.33342134725386  0.404264831667824 -0.158842064637821 0.0516363196902424 0.15479508799454 -0.411472709870474 0.896695254952015
0 -0.334351679130222  0.406278276347415 -0.158907950104525 0.0462486413526642 0.144639508430123 -0.412409962984352 0.898253025714565
0 -0.335118612173332  0.408226872860754 -0.159141014820193 0.0409868816259914 0.138421384210528 -0.413388035022988 0.899038335349306
0 -0.335672499061237   0.41007780667404 -0.159525236735065 0.0366725755975005 0.135605640733508 -0.414896480897973 0.898958921496849
0 -0.336013048014649  0.411813758239364 -0.160062266341062 0.0336314699718791 0.134446031815309 -0.415578499432998 0.898936983089285
0 -0.336099165553946  0.413370857278799 -0.160743103908882 0.0321676823748228 0.135758034551117 -0.416458835471613 0.898385793867578
0  -0.33569911353669  0.415972961450327 -0.162438281600181 0.0325282726580056 0.143168075415269 -0.411773552657774 0.899381651464699
0 -0.334640178787594  0.417804076651407 -0.164447246422802 0.0327199452635926 0.155648837805939 -0.399142848183148 0.902988278559502
0 -0.332992718423798  0.418755595734751 -0.166700454435247 0.0378434110415072 0.176403036638791 -0.382228564539059 0.906284265203676
0 -0.332055878747668   0.41888353391812 -0.167956965938801 0.0449573102161723 0.189247224904829 -0.37265355754787 0.907355307567474
0 -0.331059699014958   0.41876937832083 -0.169198486883732 0.0558733032988839 0.202327964690082 -0.362099688392827 0.90819897839001
0 -0.330035288441467  0.418452835925927 -0.170466742004496 0.0694340267487998 0.21569831873637 -0.351909151393951 0.908192215551829
0 -0.328968853569373  0.417924372025289 -0.171673051596104 0.0842108137304207 0.229122201586819 -0.342379215410391 0.907297100428429
0 -0.327937985758455  0.417216350911681 -0.172898529310164 0.098757066617787 0.243305807784924 -0.333433614869674 0.905467476039928
0 -0.326865935214935  0.416294472158409 -0.174084439687598 0.111393622829095 0.256833872859077 -0.324724066327489 0.90342797349482
0 -0.324848101874945  0.413994621300756 -0.175779118913211 0.13042443367617 0.282854241814514 -0.305202779019575 0.899907888990043
0 -0.323823658157184  0.412596634912907 -0.176407071715143 0.136279713389145 0.294411835457286 -0.297687937602084 0.897848206918888
0 -0.322761994665719  0.411003600705519 -0.176836854236332 0.140042911115003 0.303085040004108 -0.292669761494501 0.896031167024282
0 -0.321836616899685  0.409304272775773 -0.177139973702535 0.143871337556608 0.3122919885777 -0.289130825657632 0.893408147351699
0 -0.320912985695719  0.407444587394507 -0.177252521442996 0.147009593583034 0.319102609076989 -0.287824131341404 0.890909071506389
0 -0.320015238004262  0.405338079741315   -0.1773391780353 0.150878034512618 0.323948425253527 -0.28876571561024 0.888204704989495
0 -0.319300163433832  0.403450602648653 -0.177025714199727 0.155699712248361 0.326281093483981 -0.29143704357615 0.885642533572247
0 -0.318655512727046   0.40146111692476 -0.176677459903079 0.160716085306217 0.326569173624018 -0.295196763451125 0.883392203729663
0 -0.318215920340268   0.39957725174129 -0.176141521420443 0.166204021637951 0.324654609184164 -0.296572184790854 0.882621406456488
0 -0.317946949348938  0.397885363272673  -0.17544911227814 0.170072919292582 0.322174345499728 -0.298002783570091 0.882311302324525
0 -0.318072517546435  0.395234122736165 -0.173720303703653 0.173769635923791 0.316020349342011 -0.300462414278304 0.882982213885828
0 -0.319052778706969  0.394335942569555 -0.171114995488321 0.170239986828189 0.30208660277112 -0.311176813394619 0.884833895212266
0 -0.319818339542043  0.394326823840874 -0.169654156683102 0.166824253739126 0.293029254669343 -0.319044421536539 0.885728051581708
0  -0.32078313380382  0.394714178734138 -0.168133212773847 0.162269401600152 0.282582879557589 -0.329669588373593 0.88607760381744
0 -0.321930063331701  0.395482449898975 -0.166616548859372 0.15598676017249 0.270465088243584 -0.341628109662107 0.886457557574516
0 -0.323261823592211  0.396634782045967 -0.165120801401416 0.148035715535355 0.254930398978318 -0.353118534626904 0.887920727940079
0 -0.324633922947653  0.398063255311131 -0.163709997451398 0.138023490032148 0.240036287214084 -0.365026910008573 0.888868635957765
0 -0.326010265041569  0.399695447762085 -0.162450016468092 0.126583845239644 0.225151166917191 -0.375111834900413 0.890266585623553
0 -0.327350713788287  0.401456152077706 -0.161311696760925 0.115204513389419 0.2113079052517 -0.384176354128994 0.891339115152589
0 -0.328616294784759  0.403280160711277 -0.160364273409748 0.103972375915945 0.197415053976974 -0.391163483803231 0.892865146843901
0 -0.329723063662292  0.405075980184521 -0.159664284829914 0.0934678776941843 0.18427405108121 -0.39781806521401 0.893894634130246
0 -0.330644121281826   0.40682253744971 -0.159223147591357 0.0838931784154037 0.173205826677825 -0.403627581455489 0.89445315791751
0 -0.331346829992217  0.408435673829911 -0.159063606586855 0.076549562180045 0.165085841998099 -0.408990360620137 0.894211224611743
0 -0.332054304938616  0.411001917299177 -0.159516421384491 0.0674892291075372 0.15566271976583 -0.41417525830272 0.894244472747498
0 -0.331682884132594  0.412525088245482 -0.160892014603948 0.0613320658480091 0.154027644962099 -0.415345349993541 0.894428366346343
0 -0.330271964180552   0.41298521250881  -0.16300123779563 0.0591182377806999 0.159930982757872 -0.414251740161362 0.89404843855861
0 -0.329272786464467  0.412859155667684 -0.164227592258103 0.0613594391100171 0.166481263551654 -0.411563032150743 0.89394344266583
0 -0.328078607939846   0.41254938886114 -0.165526962935603 0.0652779897178206 0.175768984547904 -0.409627088337122 0.892776397890228
0  -0.32676743641975  0.412061473515698 -0.166857357749082 0.0718672392264463 0.188041640829751 -0.405736049379635 0.89154567997037
0 -0.325400752445931  0.411510993939385 -0.168208826894921 0.0790785799763671 0.201002578872027 -0.40100206088183 0.890248217433903
0 -0.324034360972169  0.410925710673136 -0.169540951273436 0.0864014848538578 0.213975885303515 -0.393933923255367 0.889699481865793
0 -0.322760336919595  0.410418101705584 -0.170855361620944 0.092789497274179 0.227146813267403 -0.386295646729081 0.889140094549914
0 -0.321592350058548  0.410071384434957  -0.17221067410107 0.0977426089289016 0.240517193777251 -0.378715612098397 0.888353728562122
0 -0.320599736320128    0.4099184960046 -0.173471911673583 0.102582697882614 0.253020544303917 -0.370143993844214 0.887947531150534
0 -0.319827267195243  0.410029248006745 -0.174585675353887 0.106707930226099 0.263396927352421 -0.361968214316756 0.887814444640604
0 -0.319239295126908  0.411071054877568 -0.176383509151685 0.113145011286703 0.274450945537283 -0.350568961515824 0.888243372131951
0  -0.31994213350855  0.413154733316668 -0.177568153405154 0.118637835290119 0.275141931994351 -0.344033050583109 0.889866979611318
0 -0.321389936261652  0.415998420667861 -0.178565368532293 0.123786728227677 0.274859622252378 -0.344693220770525 0.888996972730959
0  -0.32297684457954  0.419039678578365 -0.179415847705527 0.127264854747505 0.272138535863641 -0.351176162883698 0.886803008940753
0 -0.324343845460971  0.421602032780582 -0.179952533755241 0.127559052404536 0.271011059839586 -0.356603321719356 0.884938282894916
0 -0.325283926496034  0.423317065795815 -0.180080772000912 0.124451046218115 0.271179659457994 -0.357701083554507 0.884886130649246
0 -0.325653513711858  0.422657436836214 -0.178667193076722 0.129739168340128 0.269660498809609 -0.368512896190515 0.880141584588209
0 -0.325478535816176  0.420353636989066 -0.177021675028384 0.127872845497935 0.273433640367139 -0.370742263885394 0.878312446381678
0 -0.325348100820471  0.418908517610801  -0.17601807474903 0.12281546216349 0.275924232098465 -0.370551651075403 0.878335729820741
0 -0.325266240719315  0.417330651824631  -0.17493680596893 0.116495962731834 0.27592297278963 -0.36945296388468 0.879658860713027
0 -0.325223818282138  0.415646614694413 -0.173812599778527 0.109556326173988 0.274185652068596 -0.370933880130245 0.880470156317918
0 -0.325274020174566  0.413846817716455 -0.172669272329927 0.103896001822453 0.270415030820723 -0.373501962109659 0.881236413348751
0 -0.325422346780186  0.412004908512308 -0.171504209388496 0.100082183819434 0.265569478141936 -0.377657694710925 0.881380209890705
0 -0.325621883840307  0.410191716515989 -0.170305173124217 0.0975753186154959 0.259794322298837 -0.383148415392382 0.881012632758849
0 -0.325925376077968  0.408422727173208 -0.169049043862151 0.0958743755998018 0.252746587171622 -0.38808372650231 0.881089262220648
0 -0.326219756177808  0.406779033681673 -0.167785708195805 0.0937504653636514 0.246585302006339 -0.394823712452754 0.880068619576659
0 -0.326562424868909  0.405318220815662 -0.166538978321084 0.0912499284048882 0.239522823741741 -0.400988747415817 0.879494338764485
0 -0.326906211663579  0.404127629730181 -0.165360090237866 0.0882760879619534 0.231717226119119 -0.408419704381362 0.878469011682732
0 -0.327296806843454  0.403269025750731 -0.164271906053889 0.0858380064244267 0.221656919561144 -0.414008574097409 0.878690472941169
0 -0.328126100371285  0.402677484766922 -0.162548276808365 0.082697927543714 0.197630963595691 -0.423261612802738 0.880313956572221
0 -0.328933164865691  0.403472984654399 -0.161652923808396 0.0811497683973961 0.176652990399141 -0.431943239947891 0.880700558382592
0 -0.329471704030145  0.405262882077066 -0.161663885657104 0.0811837217383889 0.164340298549096 -0.440708869857896 0.878736116036023
0 -0.329580306909041  0.407501506462132 -0.162560601934159 0.0778531595616676 0.159120413945597 -0.449499297041405 0.875539811414267
0 -0.329283937538695  0.409879502880301 -0.164001365262177 0.0708027053492752 0.160229431724564 -0.452395881090033 0.874443521845305
0 -0.328588788141462  0.412136007420859 -0.165664546909844 0.0590474421030051 0.166732104501435 -0.449253687033798 0.875719663817225
0 -0.327436812008528  0.413893536702229 -0.167129331822468 0.0439643611418281 0.17949145642838 -0.446296109084693 0.875596787930651
0 -0.326152006599665  0.414784368584125 -0.167950444885539 0.0359754927728661 0.191439452547602 -0.444312558988113 0.874438705601175
0 -0.324915721175644  0.414704772003379 -0.167904036687572 0.0367777647324311 0.198536408542943 -0.444490593194386 0.872730658946882
0  -0.32399620091188  0.413753004217085 -0.167041899319035 0.0430654472922025 0.193857736787946 -0.447288916992214 0.872064888567881
0 -0.323335973368429  0.412251688525423  -0.16559004180027 0.0534626125014157 0.180554447372766 -0.451773908511776 0.872033357267044
0 -0.322627983181599  0.410716905987565 -0.163790170803577 0.0664328249843809 0.160756813813824 -0.457738093632931 0.871905823018927
0 -0.321711906498038  0.409386497316258 -0.161891213334148 0.0835064858337284 0.142183554900164 -0.461849241474101 0.871496288970556
0 -0.320605288601539  0.408288847874043  -0.16002546559429 0.100625302448997 0.132414276953214 -0.464590965683144 0.869767924432494
0 -0.319611235806555  0.407558863101972 -0.158488510017233 0.113940349434127 0.122514396323865 -0.466637295081261 0.868479967704191
0 -0.318994109057793  0.407024106104683 -0.157403964021193 0.130240477371078 0.104525629169839 -0.467278735316019 0.868194905779955
0 -0.318645430299469  0.406484552712212 -0.156453883387018 0.15834998830616 0.0894202492119367 -0.469774488207654 0.863852551344008
0  -0.31834489218888  0.406046119988347 -0.155620485620018 0.179672728107224 0.0800307650457733 -0.469755073807061 0.860606157340986
0 -0.317897314555689  0.405759246690071 -0.154841221089163 0.189125260355782 0.0829538661385485 -0.471778260901733 0.857190506555317
0  -0.31750509288364  0.405591003239216 -0.154216475334039 0.189716717821135 0.0914401338389761 -0.466902680727419 0.858864457078203
0 -0.317048430694262  0.405570041488288 -0.153808721685535 0.186832426405102 0.097787123881443 -0.464542211720741 0.860076657267351
0 -0.316701226431608  0.405490813249641 -0.153839205025218 0.209989181417524 0.0835728007671949 -0.465205112727224 0.855864670232377
0 -0.316348409415585  0.405329838115298 -0.154131639372289 0.205932986322 0.09145346252726 -0.455477739598625 0.861259483585757
0 -0.315929075791886  0.405204859381153 -0.154704457278204 0.19742858618824 0.101313284124517 -0.452701456616996 0.863608107298946
0 -0.315208593329687  0.404961459622275  -0.15551365375486 0.199453182933587 0.106373265844531 -0.458919138131831 0.859241747581882
0  -0.31453405315764  0.404768584958343 -0.156305365971549 0.198848799061543 0.111649127585731 -0.466686963854359 0.854515596808816
0 -0.313957256305554  0.404561003914643 -0.157523791211166 0.189750379775687 0.123123823896872 -0.476995219646798 0.849300228304513
0  -0.31386258259432  0.404293518470721 -0.159042779998849 0.17868352107762 0.134492108835603 -0.485183531581645 0.845328937537465
0 -0.314400506209797  0.403989975072592 -0.160629148663564 0.168383822190408 0.141009362428703 -0.486674402180597 0.845524260086107
0 -0.315594030135833  0.403575451739082 -0.162109523911624 0.167315844535389 0.136801604155129 -0.480522279656723 0.849934743390043
0 -0.316293667534684  0.403316055723063 -0.162736947640961 0.170361137021881 0.133146594053345 -0.478482801029652 0.851060089889912
0 -0.317175794138661  0.402992087805966 -0.163486102684725 0.175009978224201 0.126952541895595 -0.476430801069308 0.852213735761557
0 -0.318176462926264  0.402246554742041  -0.16255007913713 0.174849183698804 0.12271830842894 -0.479483796951508 0.851154080174187
0  -0.31917209767045  0.401763154347291 -0.162618843401049 0.179047895100836 0.119648227405886 -0.47982283038588 0.8505270156668
0 -0.320385206410317   0.40121178658955 -0.162770658377464 0.183977921592761 0.11581059659524 -0.479672656199862 0.850090685148844
0 -0.321759307222485  0.400588799788366  -0.16302937508929 0.187029672078299 0.113080431320589 -0.479147575520251 0.850088418158781
0 -0.323232452894823  0.399946418772455 -0.163340540373786 0.189413075975907 0.111054901180229 -0.478981996717047 0.849921021268533
0 -0.324716292256486  0.399314188650658 -0.163667079797395 0.191409662179683 0.109301181060127 -0.47878961435143 0.84980944818961
0 -0.326180410031593  0.398718438071966 -0.164006744898156 0.192241574052019 0.106320294355558 -0.475793796235283 0.851680360040178
0 -0.327614770539071  0.398141583889777 -0.164347676308143 0.192589846606927 0.103263741087218 -0.472126208836441 0.854015569934367
0 -0.330194912100862   0.39703959002677 -0.164988515315254 0.193160672282731 0.0979042772591096 -0.465209382821484 0.858302940291194
0 -0.331958259292017  0.396088186212278 -0.165370047692674 0.193312478341863 0.095566583590529 -0.462558512906295 0.859963334076563
0 -0.332966399952849  0.394262686935518 -0.165368867857815 0.200582644884593 0.096310180818036 -0.473720320170866 0.85210328593376
0 -0.330252887745476  0.393422486627738 -0.166185466324848 0.18765985710545 0.102205215107778 -0.48253721113889 0.849409036861651
0 -0.330169155497556  0.391904706924295 -0.170794413402528 0.187934319024744 0.101008552796006 -0.478096772282114 0.851998497843856
0 -0.329352081419356  0.391153091895508 -0.172804954496397 0.18426177581625 0.12522526968798 -0.466009691734438 0.856271684113278
0 -0.327204327031815  0.390600249799236 -0.173132685024277 0.179445171828665 0.153064326232642 -0.455353740427592 0.858500852312291
0 -0.327108139836916  0.389176058223127 -0.173360140247906 0.191011211611009 0.158030803822797 -0.452225089124415 0.856757521617657
0 -0.328344301955979  0.387031622819544  -0.17377107504375 0.214133656953398 0.148375647384669 -0.447578524045926 0.855455965573808
0 -0.329900741603077   0.38473992984744 -0.174561020215868 0.220194754868539 0.142327269362598 -0.440592129338739 0.858566126683861
0 -0.330590327907235  0.381242619591685 -0.175887878989686 0.217671676706611 0.13857396749999 -0.437659429827363 0.861319058290383
0 -0.328485731959725  0.377754258014402 -0.176988886733111 0.211437854630205 0.162603307446825 -0.439345022334139 0.85780542629838
0 -0.327551417704731  0.373090389502342 -0.178591609475603 0.21136178503369 0.180344288276442 -0.432660109900245 0.857675558013952
0 -0.327076762716963  0.369857792607997 -0.179125950333014 0.223206662403302 0.189206253526903 -0.424253487734829 0.856964852038825
0 -0.325507013466018  0.365614121912383 -0.179040129484367 0.242044656372796 0.19271311355067 -0.406504378075455 0.85966867500943
0 -0.322957125855607  0.362414255843126 -0.178558861935271 0.245587556540279 0.214334620201377 -0.391340759875893 0.860581101532834
0 -0.319519189395683  0.359089781638951 -0.177802614595916 0.249163725158111 0.24558733783316 -0.375097360918989 0.858432447774992
0 -0.315846731953911  0.355227152907263  -0.17666712996234 0.258554546650931 0.271465326719766 -0.358229097455859 0.855060253158234
0  -0.31314089253421  0.350449619091939 -0.175702754116326 0.272405362699412 0.283438648468361 -0.34974813150285 0.850372915512539
0 -0.311932391483174  0.346782682282403 -0.175329992363221 0.287719673192523 0.284253140709093 -0.349073612018545 0.845319557946775
0 -0.310643074673052   0.34109973818179 -0.175018159314167 0.298155994602301 0.285663497519825 -0.348396286634154 0.841498304530072
0 -0.309980124912288  0.335391719695421 -0.175240114804424 0.292748036308643 0.289645217388642 -0.349475956502737 0.841588255091418
0 -0.309519678527775  0.327793440083501 -0.175534890172379 0.286065434866166 0.292311805739312 -0.357694078504613 0.839508976368323
0 -0.308408849813224  0.320711109380332   -0.1749131829766 0.283968063168115 0.28513977533631 -0.355836598988578 0.843467700888392
0 -0.305213290518552  0.310552898346465 -0.172415309801052 0.288508415844373 0.278077976278061 -0.356922381575697 0.843825779783008
0 -0.299881521269139  0.299672916526161 -0.168410419317924 0.287992651755923 0.277279058141462 -0.361787612183027 0.842191356000332
0 -0.295516753554225  0.289535794826422 -0.164698438111711 0.282881684772876 0.278495386764722 -0.367393349935699 0.841094761839504
0  -0.29335315602239   0.27682643612039 -0.159885478029438 0.288636134300593 0.280555869325148 -0.369673316640245 0.837448043240547
0 -0.290483642113287  0.270917701605783 -0.154504922098981 0.266748764736251 0.267698376040026 -0.355431758724673 0.854898204973611
0 -0.288723299668837  0.266445847348494 -0.150634992609707 0.249782336851929 0.239374086871045 -0.378609753985434 0.858465773877172
0 -0.288194680778579    0.2621689749051 -0.148294581562331 0.243090841335722 0.218766906644739 -0.408261953734809 0.85227346582445
0 -0.288090859421046  0.257661659159728 -0.145975431009092 0.234818452849238 0.205193239333994 -0.424000834392224 0.850281906880189
0 -0.286497308539304  0.249329262469124 -0.139679472084597 0.22141776267936 0.19294150364674 -0.422297057822053 0.857562210860203
0 -0.284114556764502  0.238576328781913 -0.130816880078133 0.2201679206779 0.199452163141607 -0.414141470817626 0.860367225939899
0 -0.284082411006044  0.226814571241077  -0.12367498971262 0.228705402131654 0.194735170193842 -0.400026228383986 0.86588167155233
0 -0.284176553366346   0.21529146980859 -0.118291409445151 0.23151530417458 0.197725248314046 -0.413792309771054 0.857951813615681
0 -0.283864688288148  0.205873981443867 -0.113739177510393 0.241012309122815 0.193114994571036 -0.423531039607838 0.851610899537941
0 -0.282719827996212  0.197425558118146 -0.108803439023565 0.234883581822337 0.185344807837947 -0.434534855849649 0.849503657584562
0 -0.282420109275777  0.189336983676255 -0.104491576190983 0.221471309910324 0.178422254936449 -0.439700822693376 0.851926724755578
0 -0.282880429392593  0.181336934144852 -0.100343038833875 0.213292817713483 0.174574968746195 -0.445295837017987 0.851904555530465
0  -0.282608129360101   0.173939708748181 -0.0951886233029629 0.206302997813889 0.169358850848489 -0.440018041273618 0.857403508323829
0  -0.282829753717616   0.166082049851991 -0.0899506964468623 0.204939585025067 0.165804990417392 -0.434701921948815 0.86112874223106
0  -0.284417036133829   0.156957038730018 -0.0854028524184497 0.211147449370728 0.162224752227702 -0.431470636925244 0.861935597281039
0  -0.286444357611103   0.149384688330405 -0.0827447157822846 0.21654246317662 0.155551969181921 -0.422818744918807 0.866104644641924
0  -0.288082464375184   0.141438889375787 -0.0804075205697638 0.206000630650235 0.165201231634397 -0.424630827206525 0.866002860170846
0  -0.289333880119131   0.132873238828767 -0.0778993432129553 0.209316176507597 0.170524370537403 -0.435658169809412 0.858667651878989
0   -0.29146996813472   0.124216476671828 -0.0758128708303869 0.225278660742561 0.166285911230863 -0.443959109806797 0.851174970003064
0  -0.292795950363723   0.118497944222542 -0.0743982728857684 0.238510096229109 0.160139788604098 -0.447784834121126 0.846733089251703
0  -0.294067647927028   0.108569067273863 -0.0713481009429989 0.241899756905011 0.166343002730196 -0.460084545238822 0.837935990565141
0   -0.29402038987278   0.100963363235191 -0.0678106806973433 0.238995396361508 0.176168557481994 -0.473041551865959 0.82950438822285
0  -0.293359042105348   0.094822437363672 -0.0625351074447049 0.227680488956279 0.164491429135584 -0.452585475594936 0.846327685929078
0  -0.292684265847143  0.0881895790238992 -0.0551218250419447 0.210115175055542 0.167122744174493 -0.448107918555473 0.852713841167626
0  -0.295269879796119  0.0824544576651398 -0.0510010206864955 0.206923772881651 0.164754859250373 -0.446758741367329 0.854660760525305
0  -0.299051113061171  0.0770573199161513 -0.0483651973997432 0.212322998666047 0.160639580909723 -0.449150768504539 0.852864266125852
0 -0.301684904509606 0.0712531618844102 -0.043801391889516 0.220158461822479 0.154738136661449 -0.450490218332613 0.851260784916783
0  -0.301285643294579  0.0671635052714649 -0.0379206793098089 0.204910928201725 0.155732500891479 -0.439703552084304 0.860476429633049
0  -0.300011160310132  0.0636304888409175 -0.0328257320194889 0.182538350952316 0.162356141783803 -0.42940794149218 0.869441805666219
0  -0.300280456382172  0.0576867777273977 -0.0279138465584123 0.194649872240604 0.162274389992087 -0.442888156560911 0.860016587262996
0  -0.302318588275354  0.0503316064004788 -0.0234617151622246 0.203719352070473 0.151943272036729 -0.437341739394446 0.862637740107746
0   -0.30333029275104  0.0426629373413781 -0.0187378439749336 0.203974276847652 0.142263060634322 -0.423274899314621 0.871202660449123
0  -0.300941745184661  0.0348607311955249 -0.0128084046577812 0.202473165226731 0.151116700132092 -0.435260685724292 0.864127592295881
0   -0.297247361344573   0.0267581387486697 -0.00641987511842423 0.206409590319306 0.161783647093426 -0.456339632953736 0.850279525775504
0   -0.295061437605723   0.0206307436744318 -0.00152117261403238 0.215861639240961 0.1550706267581 -0.456489642187948 0.849101913786664
0  -0.293514669301743  0.0129903496867203 0.00390671813064564 0.219411952575203 0.148689793279155 -0.45168418172328 0.851898550546196
0  -0.293294957550762 0.00342844300422557 0.00894528007440154 0.213129158054945 0.137479843152498 -0.462794671774465 0.849409410408621
0   -0.293507627006748 -0.00537253158009096   0.0128701318087134 0.204558021863565 0.127829512850592 -0.471609729350981 0.848174448163313
0  -0.291269998930525 -0.0152620913957272  0.0189899926640855 0.197434238733411 0.123791150977108 -0.474977593151717 0.848582204809483
0  -0.288661205200704 -0.0288747242404261  0.0282061948558805 0.199049075525002 0.119617342669805 -0.464620663616778 0.854516703058262
0   -0.28679306646991 -0.0406346188302891  0.0339146655388526 0.207576150241262 0.13032076809608 -0.466738867870806 0.849754946130085
0  -0.287871532910386 -0.0469688200756636  0.0344569983839101 0.224946848857273 0.150322335691238 -0.452483730063519 0.849741481045452
0  -0.284022017048695 -0.0507211680504903  0.0365680387223505 0.217752645788539 0.174220146899491 -0.436968050686972 0.855154984985318
0   -0.28096581283808 -0.0605463546606657  0.0395631051167595 0.214036477477859 0.172729505463381 -0.432655070552423 0.858581675891423
0  -0.282369766748496 -0.0683597199781876  0.0398332401843046 0.194482886863168 0.18068368059787 -0.434379072089754 0.860723321406722
0  -0.282856413609133 -0.0800239479959877  0.0452548022542441 0.201071982295566 0.174487502646911 -0.431520242791918 0.861924851374283
0  -0.281726188545118 -0.0868876423111639  0.0501738375557715 0.224911762682903 0.153862345537534 -0.420987627382648 0.86516501040165
0  -0.276979195700972 -0.0948451002549505  0.0561822729216972 0.23430653116783 0.150111067517645 -0.423410256629663 0.862143184999809
0  -0.272334205257526 -0.0995566674641944  0.0596141023703536 0.232551707287663 0.164597819759582 -0.441029108468355 0.85107025952714
0 -0.267785656339381 -0.103916367997441 0.0626576298664184 0.221897516971879 0.172933327349779 -0.440015015762907 0.852785050382931
0 -0.263988714428969 -0.108390901452954 0.0652675586108129 0.193676699092957 0.187042658890962 -0.431737786054194 0.860875637985231
0 -0.260661392850196 -0.118397123507621 0.0701062082022993 0.191273777847229 0.189801234095103 -0.430439300435108 0.86145913547014
0 -0.258442076572561  -0.12778861882829 0.0754900894687629 0.201290699430655 0.186437758397027 -0.432460141811657 0.858895361677341
0  -0.25648583034371 -0.137715491986274 0.0817020315343895 0.204639769081686 0.184027832978653 -0.433064385476837 0.858319031381074
0 -0.256719906825703 -0.148920726970262  0.087591148226034 0.213633946818044 0.181611808955467 -0.427891609139305 0.859235973666748
0 -0.257706821051577 -0.158751900582986 0.0917221907034685 0.232695784878671 0.188663812476202 -0.411619821232113 0.860713518152519
0 -0.258120227045898 -0.164591113510109   0.09410638039451 0.249327364909563 0.199760737962097 -0.395777326801034 0.860983054575593
0 -0.257988807561925  -0.17089418277011  0.096650745622312 0.269475557161449 0.213321932888918 -0.378299311582001 0.859515158620048
0 -0.257384955672299 -0.177104299312325 0.0990980554498948 0.288802289543361 0.231969533018976 -0.367999084084943 0.852854059859079
0 -0.256570577628764  -0.18618781706336   0.10194218056225 0.306875461150273 0.25521706828219 -0.360815776904898 0.8429138001823
0 -0.256298151110025 -0.195929708327234   0.10423417592722 0.309101398686077 0.272468813953949 -0.353941648872935 0.839608468243352
0 -0.257095978604359 -0.205969897690279  0.104508051773854 0.311128267681572 0.280508547290339 -0.349324931377112 0.83814452707448
0 -0.257016640315198 -0.215752783113398  0.105320684268834 0.30176050160137 0.28624678820133 -0.347045895540102 0.840572734691342
0 -0.255912993594687 -0.224711863873631  0.106462652617593 0.301516482417518 0.282650897253393 -0.346910383677322 0.841931984669351
0 -0.253326415110631 -0.235066588278745  0.107901372528733 0.31426447118446 0.267176754243222 -0.346922399906706 0.842317797856712
0 -0.250667822086925 -0.244596578511762  0.107202176770279 0.312045192045848 0.277210188336927 -0.345463664736063 0.840498165346246
0 -0.246938803293088 -0.252482368248156  0.106735152754062 0.322762953123243 0.299318775824986 -0.330255341250151 0.834963326203937
0 -0.243274648749087 -0.255741121681749  0.105831396916308 0.33766412993594 0.325259844655915 -0.308494630091617 0.827659369555889
0 -0.238833016953479 -0.259607518074004  0.105393999605088 0.354756771221608 0.353102554437289 -0.283480756929742 0.817988312736082
0   -0.2338008372706 -0.262937308770777  0.104813729957975 0.37056233178946 0.382006008834065 -0.256814247845689 0.806722634848483
0   -0.2291256555138 -0.265877568949008  0.103718383353848 0.3811376021352 0.40421493244377 -0.236655412357357 0.797081321089685
0 -0.224446906178452 -0.269599816231635  0.101133090291385 0.371589174954685 0.425343693674535 -0.216853637313474 0.796227811177
0 -0.221248742773513 -0.275418220433112 0.0962969837882938 0.370920649514697 0.432094960477868 -0.216066198090887 0.793112359590856
0 -0.220449475911343  -0.28251723438081 0.0900503882658138 0.385778287943628 0.424977485383649 -0.229140537013423 0.786170378331233
0 -0.222031383073187 -0.289428090531564 0.0827846260585799 0.383451413176122 0.41804271751313 -0.232428682848161 0.790052028322782
0 -0.223290243587531 -0.294507435596773 0.0767791002874139 0.395750340951769 0.421987748374533 -0.225860869825275 0.783769657067764
0 -0.222504014031008 -0.299528141381475 0.0706896305978102 0.402885017479065 0.433366611193403 -0.220067463190834 0.775530369900747
0 -0.220273206948084 -0.300092864330636  0.066506718963091 0.41270109547723 0.45250656234057 -0.201185040501221 0.764486884327741
0 -0.217865905469739 -0.300207060785689 0.0637314687695966 0.421854283127069 0.476326409234909 -0.173411640865266 0.751718377110166
0  -0.21497511004341 -0.299709851085795 0.0612937748158171 0.426129554246144 0.50107126746611 -0.142891529276528 0.739542560491892
0 -0.211019058975128 -0.298492079704387 0.0584278338112807 0.430233672684269 0.520395920606534 -0.119042655830664 0.727953239430574
0 -0.207648348224803 -0.296513368060361 0.0508360232834262 0.446360502758364 0.527443753581982 -0.120191821019057 0.712824883505601
0 -0.208239080147596 -0.290768940192002 0.0402995355625243 0.443242812385417 0.516742984330216 -0.128399356358635 0.721128353832282
0 -0.205903422709725 -0.285504888985315  0.035926038807639 0.466974006068608 0.523247435367644 -0.0993209287267254 0.705891459187799
0 -0.204069058423143 -0.280816194474593 0.0335815799815755 0.469592008450203 0.553292671217341 -0.0711388508640558 0.684317053327349
0 -0.202423664536017 -0.277885043346539 0.0320190270193718 0.470116831815409 0.575597347488574 -0.0443329537264245 0.667616991411881
0 -0.200783171668216 -0.274686753155921 0.0304395620379889 0.468744415722033 0.595061201279412 -0.0128264714266874 0.652699257768885
0 -0.198186819226745 -0.269774847045809 0.0279928616773538 0.470364358192982 0.613164623706615 0.0214569088897301 0.634291822300531
0 -0.195801795807868 -0.264287768485863  0.024353026157976 0.463648955998768 0.627539705519279 0.049561951709855 0.623511969845599
0 -0.193536117034885 -0.258233127351345 0.0134073329786569 0.468081999233092 0.632767682490673 0.0453457937387824 0.615181323659565
0  -0.189776257183516  -0.254808913040825 0.00665194875721512 0.480184615025616 0.631964933807082 0.0223265865484298 0.607901786034559
0   -0.187337013908109   -0.251613129915464 -0.00328222006855217 0.481922744925824 0.625866765274556 0.00793510880075591 0.613170689201827
0  -0.184244306425982   -0.24389935813677 -0.0131381504655377 0.489426041228211 0.620757735341508 0.00821153216564191 0.612416977982205
0  -0.183669849510512  -0.238880637710767 -0.0169999652291617 0.489900134026971 0.637600680677485 0.0317401715920826 0.593679873490141
0  -0.185004504247517  -0.234959485562661 -0.0206679121084979 0.491748847959038 0.65469843419864 0.0622890663627032 0.570677757583447
0 -0.186212831516428 -0.230191733538583 -0.024719574039072 0.49264857148686 0.664265087563359 0.0904486764832527 0.554858824728261
0  -0.186064809730372  -0.223277457743657 -0.0273742133859491 0.506228707959961 0.671509824013067 0.0851186197841588 0.534379894884873
0  -0.186267694533961  -0.215486425353776 -0.0282547641443282 0.51810983891044 0.674031648362173 0.0940378458932468 0.518073754759038
0  -0.187659539466316  -0.209506479820343 -0.0286264804236129 0.514286943521904 0.678901852204275 0.125849867204291 0.508687552158656
0  -0.187475399372064  -0.202721934033614 -0.0282648338623881 0.512298492189051 0.683088194517844 0.157232325843355 0.496204362255176
0  -0.186685169062568  -0.196690445164557 -0.0276904305194746 0.516673769966312 0.688988075383465 0.178462101285515 0.47591483041921
0   -0.18650189782416  -0.190918039559135 -0.0279939601659936 0.515574435857469 0.696753028166719 0.191070262306662 0.4606629719142
0   -0.18812766193145  -0.183422927033064 -0.0297973379467243 0.510293867923709 0.702357716525058 0.201214491384386 0.453659051330501
0  -0.191519933602295  -0.175738447418954 -0.0344142258482497 0.507729508992323 0.705301006342403 0.198811641325868 0.453028881445898
0 -0.193252241391315 -0.170992999577983 -0.037290232387737 0.517361987976339 0.707711359253162 0.18239930454702 0.445209724828621
0  -0.194440964948746  -0.164048227674575 -0.0400102036478001 0.520662860645994 0.711325160920202 0.168065979883522 0.441226163539255
0  -0.194957768603817  -0.156303489247327 -0.0411812124784367 0.528152475899115 0.705665602206966 0.164954862214358 0.442584357490589
0  -0.196557236638181  -0.148282671126616 -0.0417532082865207 0.527716752916568 0.699823953599155 0.172772884702522 0.449345071155355
0  -0.198422395351448  -0.141781603123536 -0.0419394083275694 0.524318635933711 0.693756967288785 0.185864843681294 0.457433599808987
0  -0.199962191862753   -0.13224150603952 -0.0421916733485218 0.522134461770914 0.69312407610804 0.189874821455897 0.459240863956666
0   -0.20051600607297  -0.124520763228408 -0.0424623019203048 0.526173437114961 0.690011935260045 0.196288798498123 0.456613349407876
0   -0.20114569697449  -0.116341988408276 -0.0433246617501016 0.527380151742962 0.686163540316884 0.205050008427645 0.457169843199651
0  -0.202254448242818  -0.108190958544042 -0.0453912703413028 0.516910668895495 0.696011896643817 0.203901136797476 0.454747321624863
0  -0.203577843824197 -0.0998832485044189 -0.0480936769453964 0.507514122091622 0.705200057386572 0.20189713176262 0.45206176914839
0  -0.203796671473901 -0.0971129151358444 -0.0490249804300074 0.505538087733034 0.706814848128229 0.202016628490839 0.451700447343026
0  -0.204177254948426 -0.0888677611600098 -0.0516440152928652 0.498380470648128 0.712306211262488 0.201900877026283 0.451079597997346
0  -0.204382642858321 -0.0807832232517126 -0.0539516949732678 0.491042311117004 0.719312961162946 0.199266947476071 0.449175907901831
0  -0.203595755890632 -0.0736480082375408 -0.0564462303084934 0.487984484660639 0.725747847134937 0.192561176094147 0.445063364669272
0  -0.202639348942678 -0.0671056789939157 -0.0583881586577039 0.495948831883638 0.725206690465198 0.186746898843584 0.439585723187268
0   -0.20104683032819 -0.0611531209233371 -0.0598667011244075 0.506466706158759 0.721399568536567 0.182293462433449 0.435710031582907
0  -0.198883212142747 -0.0533979550150906   -0.06063874045183 0.509313607379928 0.719663052352578 0.18179181447818 0.435472704776024
0  -0.198179296673908 -0.0464045003001475 -0.0611007494042092 0.499903766520841 0.719358158471847 0.191377019125009 0.442713113211135
0  -0.197796741427384 -0.0403920048212754 -0.0617792392814024 0.501967937722563 0.720647984804982 0.188867106780984 0.439344838903629
0  -0.196537867271761 -0.0345413076417675 -0.0611619940289747 0.502739558613356 0.721309977529204 0.190240500302099 0.43677614926513
0  -0.195008635283483 -0.0303002374644416 -0.0598805318779643 0.496317971188478 0.719859411046917 0.201201827234172 0.441575276164971
0  -0.192940460201646 -0.0265099846788788 -0.0583856007721186 0.491907566217895 0.718963360618126 0.207625502574377 0.444983463813
0  -0.189955192506356 -0.0224116275334601  -0.056832565707658 0.480651395822728 0.715922434970461 0.222919738454216 0.454682408948414
0  -0.184883235808295 -0.0194463641880152 -0.0572969281859599 0.487416086788146 0.724848998229183 0.203009515277637 0.442500423517333
0  -0.179609806266315 -0.0184285065212783 -0.0569606524728974 0.484941440947263 0.738124880992504 0.1836675444929 0.431589726490035
0  -0.175088795561253 -0.0186315509612729 -0.0555708874058577 0.49331077212979 0.73340617920666 0.183040758347375 0.430413683780867
0  -0.169479988064394 -0.0191075751852736 -0.0528123260253319 0.503352204371674 0.726603316672284 0.184238999703386 0.429814110451611
0  -0.164703423995423 -0.0211872872540972 -0.0490780008707435 0.505710178959083 0.724471794236913 0.184716011871475 0.430439112082787
0  -0.163013711542206 -0.0253130661998858 -0.0449926043698975 0.518060218337315 0.71422297668986 0.186679528943793 0.432029979536019
0  -0.166181851891357 -0.0301038659741145 -0.0412794591080994 0.519515744566225 0.714053142960044 0.183525078279237 0.431914396401976
0 -0.169058871530862 -0.032582775304371 -0.036280612979461 0.497729602225834 0.724614365138891 0.190912574805499 0.436751249206697
0  -0.169938257088404 -0.0349571304854406 -0.0306253486136856 0.512023735056396 0.706963617432181 0.206773800927575 0.441903534287819
0  -0.168877788082076 -0.0364302564697273 -0.0239678822588152 0.518355371468718 0.69641019689781 0.218395435022417 0.445672503625308
0  -0.166347251300313 -0.0353809716705011 -0.0199600230935072 0.486423579690426 0.714656183093218 0.222742227924148 0.450604639331612
0  -0.160039165299911 -0.0350363574151074 -0.0187947981814986 0.466973731522533 0.723183485851632 0.226303819202481 0.455771610868617
0  -0.153459165133853 -0.0386527951220289 -0.0203304810209391 0.456742621233893 0.742562591489352 0.201294322525823 0.446617925511147
0  -0.148893404637648 -0.0451596538217432 -0.0222849062311057 0.469584539456703 0.74256659570426 0.184979064745895 0.440304391135446
0   -0.14561846019596 -0.0516527070129942 -0.0232864217112379 0.48696642027139 0.734091542646209 0.17724289368691 0.438814618239716
0   -0.14080778048173 -0.0580100305100039 -0.0226965493803352 0.494936207388201 0.728775925215306 0.172299300674051 0.44072298831578
0  -0.137263808014196  -0.062276104181146 -0.0217013776263369 0.499587117781793 0.725375078681895 0.168710774604182 0.442470769097996
0  -0.134020062472222 -0.0666816421217541 -0.0205971916542525 0.507769697901656 0.718234462293217 0.166979926530044 0.4454513387602
0  -0.130005866691302 -0.0733470116055488 -0.0189323500912333 0.503500123545434 0.71716600025336 0.166563175310564 0.45212527279593
0   -0.12707613744057 -0.0802840552302798 -0.0173802534624354 0.50172579479625 0.714703853336197 0.166391379762409 0.45802132876453
0  -0.125813525651535 -0.0850671242805931 -0.0165093934627263 0.498545452679811 0.71115901735457 0.172280286698032 0.46478466676818
0  -0.124668712737052  -0.090098796624855 -0.0156249143161058 0.496177229041162 0.708580038438145 0.176253273640417 0.469741705662876
0   -0.12402504842153 -0.0953635455666759 -0.0151252167562724 0.505156736089936 0.701584159567741 0.177170700515563 0.470326356804946
0  -0.123395952218133  -0.100533229551971 -0.0147681443027947 0.511602729326162 0.699450982725721 0.173827470613472 0.467776635340168
0  -0.122266650050075  -0.107799705094578 -0.0142972502959536 0.50085333021612 0.708469386021087 0.171769047519807 0.466596683439204
0  -0.121266223932569  -0.115091318091058 -0.0138392081668887 0.489850564993016 0.717217020132641 0.171134275182343 0.465144310796007
0  -0.120764891119438  -0.120210774799908 -0.0135695226338802 0.48997111141454 0.72029451213056 0.168407757459323 0.461240667115684
0   -0.12040972691286  -0.125600330715863 -0.0132519153013907 0.499806426404793 0.716184539445969 0.167495455761624 0.457404103482075
0 -0.120099340150832 -0.131049268067531 -0.012719556624282 0.513983024928324 0.706207849852438 0.171100021493365 0.455869175901702
0  -0.119581661727575   -0.13616026033237 -0.0119282729996847 0.520299336080841 0.700548703670916 0.174819915079227 0.456024244915254
0  -0.118346618065204  -0.143089585506612 -0.0103161875415697 0.515813745165624 0.706830069662653 0.170599329869103 0.453015785119145
0   -0.116791053952851   -0.149432927893957 -0.00817829912049624 0.52024627442048 0.70470699008655 0.168804022720969 0.451925960736916
0   -0.115561447073024   -0.155253222545662 -0.00583637185453762 0.522988527787207 0.698972367445821 0.172626369748873 0.456202549113307
0   -0.115288520612381   -0.160649632949081 -0.00394401722033163 0.510675141928172 0.703369589731622 0.175174794894807 0.462380699090018
0   -0.115644153620781   -0.165948119398921 -0.00239272606064622 0.499573869165985 0.704052186070667 0.181415320253982 0.470982961594991
0    -0.115622271554651    -0.171244543117551 -0.000871288638847126 0.506614518712463 0.686388387750068 0.198256039314595 0.482604655455054
0     -0.1141041661164   -0.177495656328107 0.000390594934502872 0.510078880221804 0.694477831315085 0.182480970058499 0.473519559606651
0   -0.11218280319395  -0.181552328624506 0.00121121737357073 0.504565427288433 0.709845844986484 0.163496869962019 0.46346669724295
0  -0.109521225113441  -0.186337121869791 0.00315136993789645 0.498859010840157 0.710970893115381 0.165638652338026 0.467144424453444
0   -0.10768225965065  -0.191011954521593 0.00485439908484637 0.500288634940473 0.699938778832568 0.179974232412786 0.4768713278267
0   -0.10622201459724  -0.197068546138145 0.00573105822550019 0.506241426734945 0.694958800076233 0.182479878399233 0.476920305746537
0  -0.103506404279724  -0.203910666432724 0.00622945651689902 0.503401694672822 0.69948933065267 0.182251142367885 0.473377155352063
0 -0.0994867532993541  -0.208651379837526 0.00713270796747826 0.494339271872707 0.707410851149435 0.184797197046674 0.470158024417415
0 -0.0933993641825449  -0.214827782657993 0.00851980672785287 0.495102598505458 0.71155911221627 0.184999595172479 0.462960253759602
0 -0.0879297514796484   -0.22036426830041 0.00974419477204716 0.488913037384265 0.719845136896583 0.182379896095993 0.457738565408299
0 -0.0841469308530391  -0.225083875022114   0.010648662556775 0.482096334968229 0.731867015590547 0.171426993315435 0.450073973101774
0 -0.0815710333265256  -0.231165321833613  0.0114208053023745 0.495283927911142 0.725254171497162 0.170034913916717 0.446976895966907
0  -0.07910514809244 -0.239933393327621 0.0129131402499882 0.505117948691733 0.719820129893273 0.170972980690406 0.444390682152231
0 -0.0759862969881338  -0.248433740479554  0.0160358039412091 0.507622881704255 0.719643449019065 0.169605567812716 0.442341799540964
0 -0.0735151371975606   -0.25454290013967  0.0192308579384323 0.512391723434054 0.722012787862468 0.160113458674785 0.436481312624658
0 -0.0720890852033283  -0.260272392662988  0.0228402395100448 0.519456232350726 0.722551681995981 0.150314681408434 0.430685251744065
0 -0.0721301318173201  -0.266712417563092  0.0273492564977201 0.545151419979631 0.695154651174098 0.163715747363835 0.43905249607571
0 -0.0736291613472212  -0.271672433234234  0.0315998617927448 0.554169541313433 0.678051154893584 0.178488312657217 0.448647604554751
0 -0.0772132182296886  -0.276073831220154  0.0361972389280533 0.57431116992821 0.658830080824691 0.173374098759543 0.453928437725087
0 -0.082111480253293 -0.275898954675007 0.0414382616640466 0.58668154577118 0.6347300667026 0.163838107458688 0.475478265349329
0 -0.0862283005153635  -0.272482307269746  0.0432516055392196 0.583441522737786 0.623363494092271 0.148231216017129 0.499040529793495
0 -0.0915041987967502  -0.266535497230708  0.0435277363301708 0.580112206179413 0.610456716520797 0.125793855862016 0.524393298320706
0 -0.0950925941022742  -0.261215658126378  0.0431991983672766 0.58305517909249 0.594202137880275 0.110067833923966 0.543006030728225
0 -0.0989022979585797   -0.25461870583264   0.042174725265507 0.586866674553427 0.575637299792961 0.0890578383296312 0.562403686703531
0 -0.103226940377573  -0.24630849020467 0.0399823101749021 0.578706302079777 0.56726368320948 0.0631315982293299 0.582516378267406
0 -0.107609077545205 -0.237627342904186  0.037302708523757 0.562894793756539 0.563666797150478 0.0408779652663225 0.603123689559274
0 -0.112249639382676 -0.227420674952028 0.0336126114471905 0.537658893431577 0.569524546276262 0.0244979948799519 0.62126045564611
0 -0.116798990407663 -0.216509998890837 0.0293109012352211 0.500593501252028 0.586935250021375 0.00694246549445675 0.636289997532132
0 -0.121132108771208 -0.205281937845029 0.0249458174593836 0.46923655257976 0.594425755159424 -0.00556360013301347 0.653026895066176
0 -0.125301942087976 -0.194203922948811 0.0206374736837612 0.447442239022573 0.593511679499295 -0.00897545559984296 0.668923590728544
0 -0.129035651112695 -0.183526824020274 0.0163780705955809 0.432515530680962 0.591085605708333 -0.00790428157766549 0.680797800214513
0 -0.132085924436004 -0.173243930950008 0.0121779364858525 0.421397856195177 0.591190393743598 -0.00669207384427058 0.687657604689326
0  -0.136218696141717  -0.159007183253413 0.00527791117727863 0.404361129958306 0.593857872754563 0.00189006604293234 0.695572664210305
0   -0.139876003569688   -0.148296728218113 -0.00211788385578555 0.387130607269373 0.607905508106545 -0.000478572218313587 0.693239177411088
0  -0.143488741559742  -0.140425808049968 -0.0101792523063698 0.382439708269633 0.619245963430442 -0.00749267786067813 0.685724555555813
0  -0.146021139764936  -0.134920771577074 -0.0173867105839847 0.382954452835104 0.631573710037197 -0.0239160497157465 0.67371251911302
0  -0.146741237167777  -0.132303959397557 -0.0212513337412605 0.401086606100545 0.631356834521373 -0.0387030636860542 0.662585960288333
0  -0.146504682564866  -0.128939454801012 -0.0250019635233781 0.44007770297379 0.614674138519053 -0.0480318424729882 0.65284014956942
0   -0.14282137233661  -0.122752877924837 -0.0271941827179918 0.440316973294974 0.596737176428889 -0.0388728310329128 0.669712332500692
0  -0.141068807800217  -0.119376126799579 -0.0283207890006063 0.425516436204914 0.585257358005135 -0.0606346504212547 0.687555835251662
0 -0.140650714817606 -0.118028312926047 -0.029453878506705 0.397037544444625 0.576602601383428 -0.0606713824386237 0.711484090990257
0  -0.138269737438497  -0.123638585891543 -0.0306126985529962 0.408614401480762 0.567464305322861 -0.0853681614642193 0.709739959488812
0  -0.135740252839602  -0.131932813979772 -0.0290117769369091 0.419133248631228 0.565801091867234 -0.0979568433615631 0.703278679594595
0  -0.133763713843113  -0.139782449351461 -0.0253595374729748 0.427677501583365 0.559429332422033 -0.0951367285310408 0.703619058546356
0  -0.131169169147506  -0.145785298292816 -0.0206758343049289 0.441646416223283 0.536180720556374 -0.0872733673027206 0.714032238278092
0  -0.126214878814371  -0.152021310327051 -0.0140882525330074 0.439491065302017 0.517649574795082 -0.103663481991124 0.726732690702465
0   -0.121261533147941   -0.156271830420948 -0.00918275752069503 0.415896256045184 0.512440668734995 -0.0955450725937632 0.745188569650046
0   -0.115884382686593   -0.163736714771626 -0.00596133082738809 0.391512650748924 0.521586350434322 -0.0945088951520277 0.752152638818278
0    -0.11234252887799   -0.172827522675507 -0.00518323495902835 0.385701488804661 0.537988974128496 -0.114503575193848 0.740736901009977
0    -0.11033191499944   -0.181021814076826 -0.00418235591215423 0.397366007274081 0.5337114430334 -0.137294547884813 0.733759196848234
0    -0.10774820234934   -0.189524401522594 -0.00210001506518438 0.401461141661408 0.52724811118598 -0.160212659561951 0.731553336881749
0  -0.105429977792104  -0.197737034221366 0.00120100752339512 0.410180370225903 0.503729409579381 -0.173890136879843 0.740115508621498
0  -0.103094709902574  -0.205266097927477 0.00540326260060071 0.415241774938275 0.463545410834576 -0.172413550459535 0.763527005454459
0 -0.0999651807512821  -0.211930210191236 0.00979074822716418 0.39834058859117 0.443360514174101 -0.186204576918137 0.781078795952658
0 -0.0960567909313152  -0.218111669637318  0.0142013461305814 0.370911147223582 0.442280100428639 -0.224367311669376 0.785157654923122
0 -0.0924760715240892  -0.224196659678648  0.0188818514759349 0.346024904467062 0.434292824647196 -0.26199712337361 0.789312368642778
0 -0.0905945379846235   -0.23076887188758  0.0238297231229125 0.333270706291126 0.40761899977123 -0.28007518663374 0.802704975184402
0 -0.090198321607212 -0.237971266776075 0.0286707463085168 0.331447709663808 0.37975004336938 -0.285799459362161 0.815015944229232
0 -0.090976708983148  -0.24764442480789 0.0347687852719105 0.331833975639569 0.35507868888783 -0.28533749230626 0.826067704727229
0 -0.0894032632358161  -0.259450117133896  0.0430311868226095 0.328055857801481 0.359158793577619 -0.299832886247102 0.820661047864912
0 -0.0868778271957666  -0.267619547642591   0.050901809786962 0.335799812077126 0.35541319739096 -0.315467753332425 0.813265050236818
0 -0.0864751747685957  -0.273437942835714   0.056359540416493 0.344157948720441 0.335837921405 -0.330671533238135 0.812049588377981
0 -0.0872637759102859  -0.278368770261834  0.0611554296021452 0.338506177353733 0.310908653429126 -0.34015728615003 0.820391612460353
0 -0.0887101379676995  -0.282592455229651  0.0651545880251032 0.318390866614782 0.282681047744433 -0.345560870697275 0.836245398160934
0 -0.0907080723007515  -0.285736993030368  0.0680867380635254 0.289428822947712 0.251283275707412 -0.350243124056052 0.854644619621695
0 -0.0918438815103367  -0.289261464230603  0.0705290625224325 0.269201184839238 0.230466048684254 -0.372522749061344 0.857696288855674
0 -0.0918565226115297  -0.294031735073553  0.0737893242326972 0.253919245966456 0.216887084348744 -0.404916666295745 0.851191813004841
0 -0.0926237892293153  -0.298871100111632  0.0761779118516156 0.235601791347399 0.191200175078396 -0.422546345152719 0.85404266589086
0 -0.0938878626219479  -0.302623598597626  0.0774689812840818 0.221506152049684 0.168121659394429 -0.442184505540283 0.852726799922872
0 -0.0946578367117609  -0.305949472269761  0.0789308876831366 0.203695832565514 0.150274058638904 -0.47854374138452 0.84078630024361
0 -0.0954342162489967  -0.308407848563761  0.0815122221441691 0.182231490630301 0.126442355909112 -0.51470083679615 0.828182988871514
0 -0.0958118382604044  -0.310006098258507  0.0848087354376438 0.171177636014364 0.0923087908829463 -0.521293946358312 0.830921130760579
0 -0.096841349815837 -0.310016915812163 0.0877293783388302 0.158991702111003 0.0475670366798663 -0.519907976018376 0.83794672393525
0 -0.0983290337238917  -0.309848692051481  0.0899759474809532 0.140514825937038 0.0123150028277864 -0.529516345895382 0.836490504325565
0 -0.100195415673789 -0.309932342046474 0.0912514520921621 0.121519308282311 -0.0111166732410241 -0.540521408783009 0.832433831567334
0 -0.104503641268335 -0.310934603910344 0.0914971801904813 0.112149878812466 -0.0289308518914127 -0.554310262438143 0.824212074315187
0 -0.110073610591044 -0.312301973960373 0.0894215746810072 0.12464605145901 -0.0221642270469354 -0.580311476695486 0.80449406393745
0 -0.115933615706559 -0.309925167100401 0.0855475016873048 0.129318074264346 -0.00926348647184603 -0.591392566515402 0.795893118299985
0 -0.119628234928753  -0.30296990861107 0.0824163922363571 0.125096836182852 -0.000284962167437674 -0.587267709059951 0.799667017119676
0 -0.122660711252077  -0.29453045373482 0.0801022210149727 0.113854429255815 -0.00791660549088379 -0.559241339494014 0.821111210797463
0 -0.124481369517318 -0.286985361755254 0.0787555807664898 0.0938235110268823 -0.00456084163920646 -0.542030662228401 0.835092275563828
0 -0.125783801039494 -0.278199865455327 0.0782845684463494 0.0877455101317521 0.00369194787879481 -0.548551922761626 0.831491360753136
0 -0.127623655347404 -0.271805817469582 0.0784221759926778 0.107158765995358 -0.00529147663535589 -0.555277061259123 0.824715941633725
0 -0.131318987276944 -0.263446084822089  0.077983352800836 0.11415867810524 -0.0146834945253274 -0.552815640281915 0.825316338782582
0 -0.134548125056262 -0.254778297478822 0.0773481877183549 0.114627133207014 -0.0149457511253242 -0.55875802554026 0.821234871245974
0 -0.137668495233792 -0.245531449583159 0.0765056727817322 0.114511822742132 -0.0193785683815732 -0.558710817669056 0.821190438180651
0 -0.142022118701075 -0.236412216231525  0.074312638872207 0.111881301010797 -0.0233525359505121 -0.555236704291825 0.823801818252402
0 -0.145195075844715 -0.229474706938878 0.0722414423716707 0.100217322809074 -0.0183211854556607 -0.552834130749005 0.827040051177374
0 -0.148473990273015  -0.22021095846038 0.0707022984384991 0.0987799690491855 -0.0146804746339439 -0.552289110552647 0.827649527121311
0 -0.151184662733373 -0.210921776792715 0.0697536651796439 0.113155511029121 -0.0179147128205664 -0.554078489826777 0.824543461862122
0 -0.158004317314484 -0.192335654678093  0.065443044362869 0.122570817565742 -0.0140151826846855 -0.558942022394823 0.819977917347026
0 -0.160776682740154 -0.181869381787645 0.0628975757739332 0.117204463393579 -0.0168174366671898 -0.554133948457567 0.823963503288462
0 -0.162366140971192  -0.17073890552412  0.060596266431001 0.113603852685328 -0.0198613551988075 -0.552757509060698 0.825323468345429
0 -0.163043995146556 -0.159523766551057 0.0585115697435151 0.106393476917263 -0.0191468708044694 -0.552237068355861 0.826648683384651
0 -0.164265058922333  -0.14861996665386 0.0560270714313099 0.0972759799060101 -0.0174111091070099 -0.551776543128668 0.828116467331719
0 -0.167213169981184  -0.13881808114164 0.0527647083665104 0.100515133178534 -0.023460476077322 -0.55225077476229 0.827263800633617
0  -0.17129984575857 -0.129858999670863 0.0488985155519688 0.103800449438336 -0.0298042210143449 -0.553397131063563 0.825886669245088
0 -0.176371574809266 -0.109664856422159  0.041199879106712 0.107292119967823 -0.0405743272178957 -0.548119015995504 0.82849723552209
0 -0.175744132269391 -0.100732426883715 0.0381928812033295 0.10873156286916 -0.0359307917277518 -0.556018636069126 0.823243403730437
0  -0.175398161260664 -0.0922109611364504  0.0342465773817788 0.105837498613357 -0.0279864056445447 -0.559796517772078 0.82136657082975
0 -0.177668676862725 -0.070851987504465 0.0220693272423703 0.105744832485986 -0.0161114950977526 -0.557347615416554 0.823360240549486
0  -0.177275765519735 -0.0613257003334065  0.0182916150640813 0.11068934902203 -0.0151279867234694 -0.562335836643726 0.81932741859221
0  -0.176541386129712 -0.0511794260994367  0.0147379193508507 0.1036019689101 -0.017262807983495 -0.554484767070812 0.825539381607506
0  -0.177037202011469 -0.0416018522785045  0.0106624453138223 0.0999611204502889 -0.0174765823103705 -0.549949960808956 0.829009881771804
0  -0.178705664983853 -0.0328680412836215 0.00627814905954504 0.0959230561912117 -0.0154031265170084 -0.548300986515584 0.830618768852761
0   -0.17973954389729 -0.0222671886926968 0.00204426618125341 0.0944381699451051 -0.0147970530103299 -0.54984651912479 0.829777852612361
0    -0.180487794246811   -0.0142346814668937 -0.000590371810214132 0.0987775474905604 -0.0200864678704021 -0.548697791543809 0.829921841787037
0   -0.182504713925209 -0.00723234416833397  -0.0038045280792797 0.100047442391232 -0.0231130691187615 -0.547310372111279 0.830606797399526
0    -0.184584724294952 -0.000815917271101349  -0.00697866403626424 0.102225738109985 -0.0250843934650901 -0.548470731808453 0.829518250565868
0   -0.185285056892415  0.00571170997738928 -0.00942640066054016 0.105919139786679 -0.0269440384839337 -0.550584820113963 0.827593807659954
0 -0.184486922447775 0.0125453503140291 -0.011301713325467 0.106607624961735 -0.0314494813450582 -0.547518386791457 0.82937890047217
0  -0.182090691658022  0.0194855871393423 -0.0126411184424034 0.105126681473757 -0.0308118510660971 -0.549136650802427 0.828521544331642
0  -0.179517958992825  0.0247037682066963 -0.0133417354558316 0.106158085913242 -0.0275295955114878 -0.555876464390696 0.823998749090501
0  -0.177271085080133   0.029853585865113 -0.0143717441511454 0.106000302197897 -0.0257117633224203 -0.558700815764934 0.822165579201905
0  -0.175822571380919  0.0348595385991972 -0.0159465789588794 0.104283737400568 -0.0283618766792643 -0.55384192274583 0.8255783613166
0  -0.174202942329523  0.0398821622702802 -0.0174709164438103 0.103264155854987 -0.0258092027636452 -0.556940068623618 0.823703926863155
0 -0.169891611416426 0.0509682890440547 -0.019528333444971 0.102233629443781 -0.0212475546022865 -0.568164890334375 0.816263121686569
0  -0.168624645861158  0.0569693945025932 -0.0208047805207955 0.0930514820413687 -0.0275131195067412 -0.568157013661553 0.817179330240369
0  -0.168596455397109  0.0628424960886108 -0.0225090456173363 0.0827228145622954 -0.0362945459892188 -0.565413566476171 0.819845803018485
0 -0.169471226482365 0.0683528117123164 -0.024392073180438 0.0735334785344519 -0.0425565081042989 -0.56479343383584 0.820847213705762
0  -0.171412967760362  0.0732473853820867 -0.0264380394327942 0.0692227760656762 -0.0468649592221119 -0.566628582844189 0.819721862569773
0  -0.174381082409769  0.0774767602011688 -0.0285721555463886 0.0652622000847903 -0.0491888679963172 -0.566293871746529 0.820141787331714
0  -0.177861727830832  0.0812448752720215 -0.0304814692513474 0.0553707055833195 -0.0476439000774569 -0.560698642647745 0.824791595423711
0  -0.181047705262264  0.0846606529225503 -0.0314659043406642 0.04808215532611 -0.0479191504050338 -0.549821467968993 0.832519197811124
0  -0.185504314349133  0.0884723450956453 -0.0308502750876349 0.0534416702977477 -0.0489493622156278 -0.545582895146564 0.834917512295654
0  -0.189928370702201  0.0896782779453038 -0.0286157968157699 0.0585698135967507 -0.0397413984854519 -0.559226065295048 0.8259881391862
0  -0.194589105146089  0.0894846611161889 -0.0260781745231602 0.0615417402122904 -0.04507514237861 -0.552983347225234 0.829692872961295
0  -0.198286232255418  0.0887619658312798 -0.0220974719136859 0.0621303008041516 -0.0611971359397924 -0.528135043462921 0.844670416281505
0  -0.198966310691725  0.0869202297821324 -0.0163784922938077 0.0784025735793794 -0.0828350876433805 -0.510600105283723 0.852219993426283
0  -0.198845393778476  0.0848318900339486 -0.0138482245266023 0.0935310246228866 -0.0950086630945299 -0.50742952449151 0.851316967435927
0  -0.198474774248555  0.0818000005862527 -0.0119809751614715 0.104952517766655 -0.10062925179445 -0.512313928096741 0.846400119196481
0  -0.197725799554174  0.0779906607109401 -0.0108538140283377 0.116585340821613 -0.0980281354806455 -0.529849574812194 0.834300767727703
0   -0.19673119706804  0.0737211827922499 -0.0105877394836376 0.119446923808288 -0.0907369168450451 -0.546758800866386 0.823743927437007
0  -0.195717434007774  0.0692552492768479 -0.0113036751002493 0.105151612799525 -0.0807917441657927 -0.553983438724479 0.821899131292466
0  -0.194977563261973  0.0645598571792451 -0.0127995525640079 0.0920759851546965 -0.0753421031225596 -0.555399144124932 0.823029386571436
0  -0.194405172758687   0.059667552915853 -0.0146666708797029 0.0856567924210837 -0.0695180059997764 -0.562268708368324 0.81956333516316
0  -0.193712609086825    0.05477355396311 -0.0166225519709943 0.0837206095560617 -0.0632776022828087 -0.572201139660077 0.813371170104159
0  -0.192805970547146  0.0501222304132606 -0.0185435756475694 0.0813585659520916 -0.0626579765688499 -0.572424256232958 0.813501833184573
0   -0.19168487983763  0.0457129341417974 -0.0202841190424735 0.0840599598802784 -0.0675300283126322 -0.567825273905505 0.816056417617777
0  -0.189696576218382  0.0393515530355193 -0.0229064535131156 0.0872981788731103 -0.0704097697638914 -0.56538808530675 0.817164490956626
0  -0.188004687681345  0.0329006490442057 -0.0262417590516432 0.0870202713694504 -0.0639917182876205 -0.572587573778584 0.812696747080816
0  -0.187277795816711  0.0264136484881121 -0.0304012226462288 0.0839499641343889 -0.0625326538646416 -0.569538198408163 0.815271924744415
0  -0.187258876320782   0.019876401860058 -0.0351449655650392 0.0853371735737514 -0.0575691133213105 -0.574740322053631 0.811835529034995
0  -0.188067603432125  0.0135245115678359 -0.0403402709827493 0.0837321350424327 -0.0541402227155816 -0.574567533480516 0.812360705176992
0  -0.188424216028692 0.00777393561602567 -0.0450889400668561 0.0807163597069971 -0.0377923671107021 -0.592117148011759 0.800908165331233
